Edge	6	0	0	1	0	1	2364	-1
	Sequence	+edge_4_0_+disjointig_10_25752_27243 1491 1 927638 25752 27243
	Sequence	+edge_4_1_-disjointig_10_830589_832080 1491 -1 927638 830589 832080
	Sequence	+edge_4_2_+disjointig_10_105591_107082 1491 1 927638 105591 107082
	Sequence	+edge_4_3_-disjointig_10_766140_767619 1479 -1 927638 766140 767619
	Sequence	+edge_4_4_-disjointig_10_752094_753576 1482 -1 927638 752094 753576
	Sequence	+edge_4_5_-disjointig_10_607463_608954 1491 -1 927638 607463 608954
	Sequence	+edge_4_6_-disjointig_10_601157_602638 1481 -1 927638 601157 602638
	Sequence	+edge_4_7_+disjointig_10_484669_486160 1491 1 927638 484669 486160
	Sequence	+edge_4_8_+disjointig_10_637101_638592 1491 1 927638 637101 638592
	Sequence	+edge_4_9_-disjointig_10_242707_244198 1491 -1 927638 242707 244198
	Sequence	+edge_4_10_-disjointig_10_144645_146203 1558 -1 927638 144645 146203
	Sequence	+edge_4_11_+disjointig_10_881221_882712 1491 1 927638 881221 882712
	Sequence	+edge_4_12_+disjointig_10_886173_887664 1491 1 927638 886173 887664
	Sequence	+edge_4_13_+disjointig_10_892081_893572 1491 1 927638 892081 893572
	Sequence	+edge_4_14_-disjointig_12_11090_12399 1309 -3 15609 11090 12399
	Sequence	+edge_4_15_+disjointig_9_60628_62110 1482 21 560559 60628 62110
	Sequence	+edge_4_16_+disjointig_9_67663_69154 1491 21 560559 67663 69154
	Sequence	+edge_4_17_+disjointig_9_85120_86611 1491 21 560559 85120 86611
	Sequence	+edge_4_18_+disjointig_9_115275_116766 1491 21 560559 115275 116766
	Sequence	+edge_4_19_-disjointig_9_352691_354182 1491 -21 560559 352691 354182
	Sequence	+edge_4_20_+disjointig_9_253830_255312 1482 21 560559 253830 255312
	Sequence	+edge_4_21_-disjointig_9_75190_76672 1482 -21 560559 75190 76672
Edge	7	0	0	1	0	1	2364	-1
	Sequence	-edge_4_0_+disjointig_10_25752_27243 1491 -1 927638 900394 901885
	Sequence	-edge_4_1_-disjointig_10_830589_832080 1491 1 927638 95557 97048
	Sequence	-edge_4_2_+disjointig_10_105591_107082 1491 -1 927638 820555 822046
	Sequence	-edge_4_3_-disjointig_10_766140_767619 1479 1 927638 160018 161497
	Sequence	-edge_4_4_-disjointig_10_752094_753576 1482 1 927638 174061 175543
	Sequence	-edge_4_5_-disjointig_10_607463_608954 1491 1 927638 318683 320174
	Sequence	-edge_4_6_-disjointig_10_601157_602638 1481 1 927638 324999 326480
	Sequence	-edge_4_7_+disjointig_10_484669_486160 1491 -1 927638 441477 442968
	Sequence	-edge_4_8_+disjointig_10_637101_638592 1491 -1 927638 289045 290536
	Sequence	-edge_4_9_-disjointig_10_242707_244198 1491 1 927638 683439 684930
	Sequence	-edge_4_10_-disjointig_10_144645_146203 1558 1 927638 781434 782992
	Sequence	-edge_4_11_+disjointig_10_881221_882712 1491 -1 927638 44925 46416
	Sequence	-edge_4_12_+disjointig_10_886173_887664 1491 -1 927638 39973 41464
	Sequence	-edge_4_13_+disjointig_10_892081_893572 1491 -1 927638 34065 35556
	Sequence	-edge_4_14_-disjointig_12_11090_12399 1309 3 15609 3209 4518
	Sequence	-edge_4_15_+disjointig_9_60628_62110 1482 -21 560559 498448 499930
	Sequence	-edge_4_16_+disjointig_9_67663_69154 1491 -21 560559 491404 492895
	Sequence	-edge_4_17_+disjointig_9_85120_86611 1491 -21 560559 473947 475438
	Sequence	-edge_4_18_+disjointig_9_115275_116766 1491 -21 560559 443792 445283
	Sequence	-edge_4_19_-disjointig_9_352691_354182 1491 21 560559 206376 207867
	Sequence	-edge_4_20_+disjointig_9_253830_255312 1482 -21 560559 305246 306728
	Sequence	-edge_4_21_-disjointig_9_75190_76672 1482 21 560559 483886 485368
Edge	8	0	0	1	0	0	257	-1
	Sequence	+edge_5_0_+disjointig_10_27243_29482 2239 1 927638 27243 29482
	Sequence	+edge_5_1_-disjointig_9_59238_61362 2124 -21 560559 59238 61362
Edge	9	0	0	1	0	0	257	-1
	Sequence	-edge_5_0_+disjointig_10_27243_29482 2239 -1 927638 898155 900394
	Sequence	-edge_5_1_-disjointig_9_59238_61362 2124 21 560559 499196 501320
Edge	10	0	0	1	0	1	832	-1
	Sequence	+edge_6_0_+disjointig_10_29482_30412 930 1 927638 29482 30412
	Sequence	+edge_6_1_-disjointig_10_728235_728795 560 -1 927638 728235 728795
	Sequence	+edge_6_2_+disjointig_10_219177_220281 1104 1 927638 219177 220281
	Sequence	+edge_6_3_+disjointig_10_465014_465953 939 1 927638 465014 465953
	Sequence	+edge_6_4_+disjointig_10_900340_901020 680 1 927638 900340 901020
	Sequence	+edge_6_5_-disjointig_9_118866_119975 1109 -21 560559 118866 119975
	Sequence	+edge_6_6_-disjointig_9_61887_62411 524 -21 560559 61887 62411
Edge	11	0	0	1	0	1	832	-1
	Sequence	-edge_6_0_+disjointig_10_29482_30412 930 -1 927638 897225 898155
	Sequence	-edge_6_1_-disjointig_10_728235_728795 560 1 927638 198842 199402
	Sequence	-edge_6_2_+disjointig_10_219177_220281 1104 -1 927638 707356 708460
	Sequence	-edge_6_3_+disjointig_10_465014_465953 939 -1 927638 461684 462623
	Sequence	-edge_6_4_+disjointig_10_900340_901020 680 -1 927638 26617 27297
	Sequence	-edge_6_5_-disjointig_9_118866_119975 1109 21 560559 440583 441692
	Sequence	-edge_6_6_-disjointig_9_61887_62411 524 21 560559 498147 498671
Edge	12	0	0	1	0	1	3082	-1
	Sequence	+edge_7_0_+disjointig_10_35501_36975 1474 1 927638 35501 36975
	Sequence	+edge_7_1_+disjointig_10_203991_205462 1471 1 927638 203991 205462
	Sequence	+edge_7_2_-disjointig_10_648285_649759 1474 -1 927638 648285 649759
	Sequence	+edge_7_3_+disjointig_10_281125_282599 1474 1 927638 281125 282599
	Sequence	+edge_7_4_+disjointig_10_288615_290090 1475 1 927638 288615 290090
	Sequence	+edge_7_5_-disjointig_10_596090_597564 1474 -1 927638 596090 597564
	Sequence	+edge_7_6_+disjointig_10_340099_341570 1471 1 927638 340099 341570
	Sequence	+edge_7_7_-disjointig_10_566386_567860 1474 -1 927638 566386 567860
	Sequence	+edge_7_8_-disjointig_10_561379_562850 1471 -1 927638 561379 562850
	Sequence	+edge_7_9_-disjointig_10_527320_528646 1326 -1 927638 527320 528646
	Sequence	+edge_7_10_+disjointig_10_405631_407105 1474 1 927638 405631 407105
	Sequence	+edge_7_11_+disjointig_10_486760_488231 1471 1 927638 486760 488231
	Sequence	+edge_7_12_-disjointig_10_317191_318677 1486 -1 927638 317191 318677
	Sequence	+edge_7_13_-disjointig_10_315862_317191 1329 -1 927638 315862 317191
	Sequence	+edge_7_14_-disjointig_10_143164_144645 1481 -1 927638 143164 144645
	Sequence	+edge_7_15_+disjointig_10_788074_789548 1474 1 927638 788074 789548
	Sequence	+edge_7_16_+disjointig_10_848802_850273 1471 1 927638 848802 850273
	Sequence	+edge_7_17_-disjointig_12_12990_14450 1460 -3 15609 12990 14450
	Sequence	+edge_7_18_+disjointig_9_32878_34352 1474 21 560559 32878 34352
	Sequence	+edge_7_19_+disjointig_9_63225_64699 1474 21 560559 63225 64699
	Sequence	+edge_7_20_-disjointig_9_454660_456134 1474 -21 560559 454660 456134
	Sequence	+edge_7_21_-disjointig_9_401122_402594 1472 -21 560559 401122 402594
	Sequence	+edge_7_22_+disjointig_9_262745_264219 1474 21 560559 262745 264219
	Sequence	+edge_7_23_+disjointig_9_291483_292955 1472 21 560559 291483 292955
	Sequence	+edge_7_24_+disjointig_9_302129_303603 1474 21 560559 302129 303603
	Sequence	+edge_7_25_-disjointig_9_197144_198618 1474 -21 560559 197144 198618
	Sequence	+edge_7_26_+disjointig_9_421551_423022 1471 21 560559 421551 423022
	Sequence	+edge_7_27_+disjointig_9_463358_464832 1474 21 560559 463358 464832
	Sequence	+edge_7_28_+disjointig_9_539328_540802 1474 21 560559 539328 540802
Edge	13	0	0	1	0	1	3082	-1
	Sequence	-edge_7_0_+disjointig_10_35501_36975 1474 -1 927638 890662 892136
	Sequence	-edge_7_1_+disjointig_10_203991_205462 1471 -1 927638 722175 723646
	Sequence	-edge_7_2_-disjointig_10_648285_649759 1474 1 927638 277878 279352
	Sequence	-edge_7_3_+disjointig_10_281125_282599 1474 -1 927638 645038 646512
	Sequence	-edge_7_4_+disjointig_10_288615_290090 1475 -1 927638 637547 639022
	Sequence	-edge_7_5_-disjointig_10_596090_597564 1474 1 927638 330073 331547
	Sequence	-edge_7_6_+disjointig_10_340099_341570 1471 -1 927638 586067 587538
	Sequence	-edge_7_7_-disjointig_10_566386_567860 1474 1 927638 359777 361251
	Sequence	-edge_7_8_-disjointig_10_561379_562850 1471 1 927638 364787 366258
	Sequence	-edge_7_9_-disjointig_10_527320_528646 1326 1 927638 398991 400317
	Sequence	-edge_7_10_+disjointig_10_405631_407105 1474 -1 927638 520532 522006
	Sequence	-edge_7_11_+disjointig_10_486760_488231 1471 -1 927638 439406 440877
	Sequence	-edge_7_12_-disjointig_10_317191_318677 1486 1 927638 608960 610446
	Sequence	-edge_7_13_-disjointig_10_315862_317191 1329 1 927638 610446 611775
	Sequence	-edge_7_14_-disjointig_10_143164_144645 1481 1 927638 782992 784473
	Sequence	-edge_7_15_+disjointig_10_788074_789548 1474 -1 927638 138089 139563
	Sequence	-edge_7_16_+disjointig_10_848802_850273 1471 -1 927638 77364 78835
	Sequence	-edge_7_17_-disjointig_12_12990_14450 1460 3 15609 1158 2618
	Sequence	-edge_7_18_+disjointig_9_32878_34352 1474 -21 560559 526206 527680
	Sequence	-edge_7_19_+disjointig_9_63225_64699 1474 -21 560559 495859 497333
	Sequence	-edge_7_20_-disjointig_9_454660_456134 1474 21 560559 104424 105898
	Sequence	-edge_7_21_-disjointig_9_401122_402594 1472 21 560559 157964 159436
	Sequence	-edge_7_22_+disjointig_9_262745_264219 1474 -21 560559 296339 297813
	Sequence	-edge_7_23_+disjointig_9_291483_292955 1472 -21 560559 267603 269075
	Sequence	-edge_7_24_+disjointig_9_302129_303603 1474 -21 560559 256955 258429
	Sequence	-edge_7_25_-disjointig_9_197144_198618 1474 21 560559 361940 363414
	Sequence	-edge_7_26_+disjointig_9_421551_423022 1471 -21 560559 137536 139007
	Sequence	-edge_7_27_+disjointig_9_463358_464832 1474 -21 560559 95726 97200
	Sequence	-edge_7_28_+disjointig_9_539328_540802 1474 -21 560559 19756 21230
Edge	14	0	0	1	0	1	201	-1
	Sequence	+edge_8_0_+disjointig_10_173002_174061 1059 1 927638 173002 174061
	Sequence	+edge_8_1_-disjointig_9_497333_498448 1115 -21 560559 497333 498448
Edge	15	0	0	1	0	1	201	-1
	Sequence	-edge_8_0_+disjointig_10_173002_174061 1059 -1 927638 753576 754635
	Sequence	-edge_8_1_-disjointig_9_497333_498448 1115 21 560559 62110 63225
Edge	16	0	0	1	0	1	182	-1
	Sequence	+edge_9_0_+disjointig_10_199402_199963 561 1 927638 199402 199963
	Sequence	+edge_9_1_+disjointig_9_498671_499196 525 21 560559 498671 499196
Edge	17	0	0	1	0	1	182	-1
	Sequence	-edge_9_0_+disjointig_10_199402_199963 561 -1 927638 727674 728235
	Sequence	-edge_9_1_+disjointig_9_498671_499196 525 -21 560559 61362 61887
Edge	20	0	0	1	0	1	123	-1
	Sequence	+edge_11_0_+disjointig_10_279352_281125 1773 1 927638 279352 281125
Edge	21	0	0	1	0	1	123	-1
	Sequence	-edge_11_0_+disjointig_10_279352_281125 1773 -1 927638 646512 648285
Edge	22	144	135	0	0	0	109	-1
	Sequence	+edge_12_0_+disjointig_10_282599_288615 6016 1 927638 282599 288615
Edge	23	196	177	0	0	0	109	-1
	Sequence	-edge_12_0_+disjointig_10_282599_288615 6016 -1 927638 639022 645038
Edge	24	292	217	0	0	0	109	-1
	Sequence	+edge_13_0_+disjointig_10_290090_318683 28593 1 927638 290090 318683
Edge	25	178	121	0	0	0	109	-1
	Sequence	-edge_13_0_+disjointig_10_290090_318683 28593 -1 927638 608954 637547
Edge	26	0	0	1	0	1	116	-1
	Sequence	+edge_14_0_+disjointig_10_320174_324999 4825 1 927638 320174 324999
Edge	27	0	0	1	0	1	116	-1
	Sequence	-edge_14_0_+disjointig_10_320174_324999 4825 -1 927638 602638 607463
Edge	28	0	0	1	0	1	104	-1
	Sequence	+edge_15_0_+disjointig_10_326480_330073 3593 1 927638 326480 330073
Edge	29	0	0	1	0	1	104	-1
	Sequence	-edge_15_0_+disjointig_10_326480_330073 3593 -1 927638 597564 601157
Edge	30	106	58	0	0	0	105	-1
	Sequence	+edge_16_0_+disjointig_10_331547_340099 8552 1 927638 331547 340099
Edge	31	59	95	0	0	0	105	-1
	Sequence	-edge_16_0_+disjointig_10_331547_340099 8552 -1 927638 587538 596090
Edge	32	0	0	1	0	1	98	-1
	Sequence	+edge_17_0_+disjointig_10_361251_364787 3536 1 927638 361251 364787
Edge	33	0	0	1	0	1	98	-1
	Sequence	-edge_17_0_+disjointig_10_361251_364787 3536 -1 927638 562850 566386
Edge	34	0	0	1	0	1	410	-1
	Sequence	+edge_18_0_+disjointig_10_398409_398991 582 1 927638 398409 398991
Edge	35	0	0	1	0	1	410	-1
	Sequence	-edge_18_0_+disjointig_10_398409_398991 582 -1 927638 528646 529228
Edge	36	0	0	1	0	1	127	-1
	Sequence	+edge_19_0_+disjointig_10_486160_486760 600 1 927638 486160 486760
	Sequence	+edge_19_1_-disjointig_12_12399_12990 591 -3 15609 12399 12990
Edge	37	0	0	1	0	1	127	-1
	Sequence	-edge_19_0_+disjointig_10_486160_486760 600 -1 927638 440877 441477
	Sequence	-edge_19_1_-disjointig_12_12399_12990 591 3 15609 2618 3209
Edge	38	224	52	0	0	0	137	-1
	Sequence	+edge_20_0_+disjointig_10_611775_637101 25326 1 927638 611775 637101
Edge	39	197	125	0	0	0	137	-1
	Sequence	-edge_20_0_+disjointig_10_611775_637101 25326 -1 927638 290536 315862
Edge	40	0	0	1	0	1	120	-1
	Sequence	+edge_21_0_+disjointig_10_784473_788074 3601 1 927638 784473 788074
Edge	41	0	0	1	0	1	120	-1
	Sequence	-edge_21_0_+disjointig_10_784473_788074 3601 -1 927638 139563 143164
Edge	42	0	0	1	0	1	139	-1
	Sequence	+edge_22_0_+disjointig_10_882712_886173 3461 1 927638 882712 886173
Edge	43	0	0	1	0	1	139	-1
	Sequence	-edge_22_0_+disjointig_10_882712_886173 3461 -1 927638 41464 44925
Edge	44	0	0	1	0	1	128	-1
	Sequence	+edge_23_0_+disjointig_10_887664_892081 4417 1 927638 887664 892081
Edge	45	0	0	1	0	1	128	-1
	Sequence	-edge_23_0_+disjointig_10_887664_892081 4417 -1 927638 35556 39973
Edge	46	187	0	0	0	0	145	-1
	Sequence	+edge_24_0_+disjointig_10_893572_900340 6768 1 927638 893572 900340
Edge	47	0	74	0	0	0	145	-1
	Sequence	-edge_24_0_+disjointig_10_893572_900340 6768 -1 927638 27297 34065
Edge	48	0	0	1	0	0	104	-1
	Sequence	+edge_25_0_+disjointig_9_64699_67663 2964 21 560559 64699 67663
Edge	49	0	0	1	0	0	104	-1
	Sequence	-edge_25_0_+disjointig_9_64699_67663 2964 -21 560559 492895 495859
Edge	50	0	13	0	0	0	118	-1
	Sequence	+edge_26_0_+disjointig_9_69154_85120 15966 21 560559 69154 85120
Edge	51	10	0	0	0	0	118	-1
	Sequence	-edge_26_0_+disjointig_9_69154_85120 15966 -21 560559 475438 491404
Edge	52	12	253	0	0	0	124	-1
	Sequence	+edge_27_0_+disjointig_9_86611_104424 17813 21 560559 86611 104424
Edge	53	227	265	0	0	0	124	-1
	Sequence	-edge_27_0_+disjointig_9_86611_104424 17813 -21 560559 456134 473947
Edge	54	255	182	0	0	0	131	-1
	Sequence	+edge_28_0_+disjointig_9_105898_115275 9377 21 560559 105898 115275
Edge	55	283	212	0	0	0	131	-1
	Sequence	-edge_28_0_+disjointig_9_105898_115275 9377 -21 560559 445283 454660
Edge	56	285	142	0	0	0	119	-1
	Sequence	+edge_29_0_+disjointig_9_159436_206376 46940 21 560559 159436 206376
Edge	57	116	288	0	0	0	119	-1
	Sequence	-edge_29_0_+disjointig_9_159436_206376 46940 -21 560559 354182 401122
Edge	58	113	11	0	0	0	125	-1
	Sequence	+edge_30_0_+disjointig_9_207867_253830 45963 21 560559 207867 253830
Edge	59	4	293	0	0	0	125	-1
	Sequence	-edge_30_0_+disjointig_9_207867_253830 45963 -21 560559 306728 352691
Edge	60	3	8	0	0	0	112	-1
	Sequence	+edge_31_0_+disjointig_9_255312_262745 7433 21 560559 255312 262745
Edge	61	170	5	0	0	0	112	-1
	Sequence	-edge_31_0_+disjointig_9_255312_262745 7433 -21 560559 297813 305246
Edge	62	7	53	0	0	0	129	-1
	Sequence	+edge_32_0_+disjointig_9_264219_291483 27264 21 560559 264219 291483
Edge	63	202	96	0	0	0	129	-1
	Sequence	-edge_32_0_+disjointig_9_264219_291483 27264 -21 560559 269075 296339
Edge	64	9	45	0	0	0	122	-1
	Sequence	+edge_33_0_+disjointig_9_292955_302129 9174 21 560559 292955 302129
Edge	65	46	72	0	0	0	122	-1
	Sequence	-edge_33_0_+disjointig_9_292955_302129 9174 -21 560559 258429 267603
Edge	66	171	290	0	0	0	127	-1
	Sequence	+edge_34_0_+disjointig_9_464832_483886 19054 21 560559 464832 483886
Edge	67	291	25	0	0	0	127	-1
	Sequence	-edge_34_0_+disjointig_9_464832_483886 19054 -21 560559 76672 95726
Edge	68	0	160	1	0	1	456	-1
	Sequence	+edge_35_0_+disjointig_10_30412_31590 1178 1 927638 30412 31590
	Sequence	+edge_35_1_+disjointig_10_175543_176722 1179 1 927638 175543 176722
	Sequence	+edge_35_2_-disjointig_10_728795_729973 1178 -1 927638 728795 729973
	Sequence	+edge_35_3_+disjointig_10_220281_221459 1178 1 927638 220281 221459
	Sequence	+edge_35_4_+disjointig_10_901020_902198 1178 1 927638 901020 902198
	Sequence	+edge_35_5_-disjointig_9_499930_501109 1179 -21 560559 499930 501109
	Sequence	+edge_35_6_-disjointig_9_62411_63589 1178 -21 560559 62411 63589
Edge	69	76	0	1	0	1	456	-1
	Sequence	-edge_35_0_+disjointig_10_30412_31590 1178 -1 927638 896047 897225
	Sequence	-edge_35_1_+disjointig_10_175543_176722 1179 -1 927638 750915 752094
	Sequence	-edge_35_2_-disjointig_10_728795_729973 1178 1 927638 197664 198842
	Sequence	-edge_35_3_+disjointig_10_220281_221459 1178 -1 927638 706178 707356
	Sequence	-edge_35_4_+disjointig_10_901020_902198 1178 -1 927638 25439 26617
	Sequence	-edge_35_5_-disjointig_9_499930_501109 1179 21 560559 59449 60628
	Sequence	-edge_35_6_-disjointig_9_62411_63589 1178 21 560559 496969 498147
Edge	70	0	160	0	0	1	0	-1
	Sequence	+edge_36_0_+disjointig_10_465953_467111 1158 1 927638 465953 467111
	Sequence	+edge_36_1_-disjointig_9_119975_121133 1158 -21 560559 119975 121133
Edge	71	76	0	0	0	1	0	-1
	Sequence	-edge_36_0_+disjointig_10_465953_467111 1158 -1 927638 460526 461684
	Sequence	-edge_36_1_-disjointig_9_119975_121133 1158 21 560559 439425 440583
Edge	72	64	282	0	0	0	113	-1
	Sequence	+edge_37_0_-disjointig_10_442968_459654 16686 -1 927638 442968 459654
Edge	73	167	23	0	0	0	113	-1
	Sequence	-edge_37_0_-disjointig_10_442968_459654 16686 1 927638 467983 484669
Edge	74	6	109	0	0	0	136	-1
	Sequence	+edge_38_0_-disjointig_10_892136_895310 3174 -1 927638 892136 895310
Edge	75	193	41	0	0	0	136	-1
	Sequence	-edge_38_0_-disjointig_10_892136_895310 3174 1 927638 32327 35501
Edge	76	84	29	0	0	0	137	-1
	Sequence	+edge_39_0_+disjointig_9_423022_438553 15531 21 560559 423022 438553
Edge	77	26	275	0	0	0	137	-1
	Sequence	-edge_39_0_+disjointig_9_423022_438553 15531 -21 560559 122005 137536
Edge	78	87	109	0	0	0	137	-1
	Sequence	+edge_40_0_+disjointig_9_485368_496278 10910 21 560559 485368 496278
Edge	79	193	93	0	0	0	137	-1
	Sequence	-edge_40_0_+disjointig_9_485368_496278 10910 -21 560559 64280 75190
Edge	80	2	40	0	0	0	114	-1
	Sequence	+edge_41_0_+disjointig_10_36975_42983 6008 1 927638 36975 42983
Edge	81	286	1	0	0	0	114	-1
	Sequence	-edge_41_0_+disjointig_10_36975_42983 6008 -1 927638 884654 890662
Edge	82	222	44	0	0	0	119	-1
	Sequence	+edge_42_0_-disjointig_10_318677_345421 26744 -1 927638 318677 345421
Edge	83	280	223	0	0	0	119	-1
	Sequence	-edge_42_0_-disjointig_10_318677_345421 26744 1 927638 582216 608960
Edge	84	153	70	0	0	0	105	-1
	Sequence	+edge_43_0_-disjointig_10_649759_694048 44289 -1 927638 649759 694048
Edge	85	71	205	0	0	0	105	-1
	Sequence	-edge_43_0_-disjointig_10_649759_694048 44289 1 927638 233589 277878
Edge	86	150	271	0	0	0	103	-1
	Sequence	+edge_44_0_+disjointig_10_341570_347358 5788 1 927638 341570 347358
Edge	87	137	100	0	0	0	103	-1
	Sequence	-edge_44_0_+disjointig_10_341570_347358 5788 -1 927638 580279 586067
Edge	88	250	247	0	0	0	115	-1
	Sequence	+edge_45_0_-disjointig_10_832080_861008 28928 -1 927638 832080 861008
Edge	89	195	251	0	0	0	115	-1
	Sequence	-edge_45_0_-disjointig_10_832080_861008 28928 1 927638 66629 95557
Edge	90	254	105	0	0	0	105	-1
	Sequence	+edge_46_0_+disjointig_10_97048_104148 7100 1 927638 97048 104148
Edge	91	289	206	0	0	0	105	-1
	Sequence	-edge_46_0_+disjointig_10_97048_104148 7100 -1 927638 823489 830589
Edge	92	60	210	0	0	0	98	-1
	Sequence	+edge_47_0_-disjointig_10_522006_526065 4059 -1 927638 522006 526065
Edge	93	260	62	0	0	0	98	-1
	Sequence	-edge_47_0_-disjointig_10_522006_526065 4059 1 927638 401572 405631
Edge	98	35	33	0	0	0	108	-1
	Sequence	+edge_50_0_-disjointig_10_493668_499920 6252 -1 927638 493668 499920
Edge	99	34	80	0	0	0	108	-1
	Sequence	-edge_50_0_-disjointig_10_493668_499920 6252 1 927638 427717 433969
Edge	100	24	16	0	0	0	134	-1
	Sequence	+edge_51_0_-disjointig_9_97200_108381 11181 -21 560559 97200 108381
Edge	101	165	97	0	0	0	134	-1
	Sequence	-edge_51_0_-disjointig_9_97200_108381 11181 21 560559 452177 463358
Edge	102	61	199	0	0	0	110	-1
	Sequence	+edge_52_0_+disjointig_10_407105_426519 19414 1 927638 407105 426519
Edge	103	32	168	0	0	0	110	-1
	Sequence	-edge_52_0_+disjointig_10_407105_426519 19414 -1 927638 501118 520532
Edge	104	19	55	0	0	0	110	-1
	Sequence	+edge_53_0_-disjointig_10_767619_780899 13280 -1 927638 767619 780899
Edge	105	56	20	0	0	0	110	-1
	Sequence	-edge_53_0_-disjointig_10_767619_780899 13280 1 927638 146738 160018
Edge	106	28	162	0	0	0	130	-1
	Sequence	+edge_54_0_+disjointig_9_441692_450988 9296 21 560559 441692 450988
Edge	107	139	27	0	0	0	130	-1
	Sequence	-edge_54_0_+disjointig_9_441692_450988 9296 -21 560559 109570 118866
Edge	110	154	63	0	0	0	148	-1
	Sequence	+edge_56_0_+disjointig_9_303603_354170 50567 21 560559 303603 354170
Edge	111	94	143	0	0	0	148	-1
	Sequence	-edge_56_0_+disjointig_9_303603_354170 50567 -21 560559 206388 256955
Edge	112	229	73	0	0	0	128	-1
	Sequence	+edge_57_0_-disjointig_10_146203_227423 81220 -1 927638 146203 227423
Edge	113	246	269	0	0	0	128	-1
	Sequence	-edge_57_0_-disjointig_10_146203_227423 81220 1 927638 700214 781434
Edge	114	173	82	0	0	0	119	-1
	Sequence	+edge_58_0_-disjointig_10_708460_716602 8142 -1 927638 708460 716602
Edge	115	164	262	0	0	0	119	-1
	Sequence	-edge_58_0_-disjointig_10_708460_716602 8142 1 927638 211035 219177
Edge	116	138	119	0	0	0	142	-1
	Sequence	+edge_59_0_-disjointig_10_46416_62348 15932 -1 927638 46416 62348
Edge	117	17	131	0	0	0	142	-1
	Sequence	-edge_59_0_-disjointig_10_46416_62348 15932 1 927638 865289 881221
Edge	118	186	123	0	0	0	101	-1
	Sequence	+edge_60_0_-disjointig_10_754635_763219 8584 -1 927638 754635 763219
Edge	119	31	214	0	0	0	101	-1
	Sequence	-edge_60_0_-disjointig_10_754635_763219 8584 1 927638 164418 173002
Edge	120	276	219	0	0	0	143	-1
	Sequence	+edge_61_0_-disjointig_9_139007_155220 16213 -21 560559 139007 155220
Edge	121	136	278	0	0	0	143	-1
	Sequence	-edge_61_0_-disjointig_9_139007_155220 16213 21 560559 405338 421551
Edge	122	169	146	0	0	0	133	-1
	Sequence	+edge_62_0_-disjointig_9_198618_204388 5770 -21 560559 198618 204388
Edge	123	127	238	0	0	0	133	-1
	Sequence	-edge_62_0_-disjointig_9_198618_204388 5770 21 560559 356170 361940
Edge	124	77	243	0	0	0	105	-1
	Sequence	+edge_63_0_-disjointig_10_723646_725803 2157 -1 927638 723646 725803
Edge	125	181	188	0	0	0	105	-1
	Sequence	-edge_63_0_-disjointig_10_723646_725803 2157 1 927638 201834 203991
Edge	126	108	213	0	0	0	138	-1
	Sequence	+edge_64_0_-disjointig_9_164312_171846 7534 -21 560559 164312 171846
Edge	127	133	145	0	0	0	138	-1
	Sequence	-edge_64_0_-disjointig_9_164312_171846 7534 21 560559 388712 396246
Edge	128	115	264	0	0	0	121	-1
	Sequence	+edge_65_0_-disjointig_9_402594_440476 37882 -21 560559 402594 440476
Edge	129	270	284	0	0	0	121	-1
	Sequence	-edge_65_0_-disjointig_9_402594_440476 37882 21 560559 120082 157964
Edge	130	201	242	0	0	0	92	-1
	Sequence	+edge_66_0_+disjointig_10_199963_200649 686 1 927638 199963 200649
Edge	131	245	190	0	0	0	92	-1
	Sequence	-edge_66_0_+disjointig_10_199963_200649 686 -1 927638 726988 727674
Edge	132	279	268	0	0	0	118	-1
	Sequence	+edge_67_0_+disjointig_9_116766_118906 2140 21 560559 116766 118906
Edge	133	267	281	0	0	0	118	-1
	Sequence	-edge_67_0_+disjointig_9_116766_118906 2140 -21 560559 441652 443792
Edge	134	231	78	0	0	0	145	-1
	Sequence	+edge_68_0_+disjointig_9_363414_387527 24113 21 560559 363414 387527
Edge	135	287	239	0	0	0	145	-1
	Sequence	-edge_68_0_+disjointig_9_363414_387527 24113 -21 560559 173031 197144
Edge	138	15	126	0	0	0	111	-1
	Sequence	+edge_70_0_-disjointig_10_576483_578884 2401 -1 927638 576483 578884
Edge	139	272	273	0	0	0	111	-1
	Sequence	-edge_70_0_-disjointig_10_576483_578884 2401 1 927638 348753 351154
Edge	142	75	149	0	0	0	122	-1
	Sequence	+edge_72_0_+disjointig_10_366258_397273 31015 1 927638 366258 397273
Edge	143	179	141	0	0	0	122	-1
	Sequence	-edge_72_0_+disjointig_10_366258_397273 31015 -1 927638 530364 561379
Edge	144	166	83	0	0	0	113	-1
	Sequence	+edge_73_0_-disjointig_10_567860_575340 7480 -1 927638 567860 575340
Edge	145	14	266	0	0	0	113	-1
	Sequence	-edge_73_0_-disjointig_10_567860_575340 7480 1 927638 352297 359777
Edge	146	152	209	0	0	0	132	-1
	Sequence	+edge_74_0_+disjointig_10_789548_823738 34190 1 927638 789548 823738
Edge	147	37	237	0	0	0	132	-1
	Sequence	-edge_74_0_+disjointig_10_789548_823738 34190 -1 927638 103899 138089
Edge	148	111	48	0	0	0	131	-1
	Sequence	+edge_75_0_-disjointig_10_244198_245834 1636 -1 927638 244198 245834
Edge	149	49	240	0	0	0	131	-1
	Sequence	-edge_75_0_-disjointig_10_244198_245834 1636 1 927638 681803 683439
Edge	150	163	50	0	0	0	121	-1
	Sequence	+edge_76_0_+disjointig_10_638592_680493 41901 1 927638 638592 680493
Edge	151	175	51	0	0	0	121	-1
	Sequence	-edge_76_0_+disjointig_10_638592_680493 41901 -1 927638 247144 289045
Edge	152	47	38	0	0	0	137	-1
	Sequence	+edge_77_0_-disjointig_10_78835_102622 23787 -1 927638 78835 102622
Edge	153	234	185	0	0	0	137	-1
	Sequence	-edge_77_0_-disjointig_10_78835_102622 23787 1 927638 825015 848802
Edge	156	91	256	0	0	0	118	-1
	Sequence	+edge_79_0_+disjointig_10_850273_863276 13003 1 927638 850273 863276
Edge	157	18	200	0	0	0	118	-1
	Sequence	-edge_79_0_+disjointig_10_850273_863276 13003 -1 927638 64361 77364
Edge	158	241	30	0	0	0	122	-1
	Sequence	+edge_80_0_+disjointig_10_684930_698191 13261 1 927638 684930 698191
Edge	159	203	79	0	0	0	122	-1
	Sequence	-edge_80_0_+disjointig_10_684930_698191 13261 -1 927638 229446 242707
Edge	162	0	157	1	0	0	912	-1
	Sequence	+edge_82_0_+disjointig_12_4518_5424 906 3 15609 4518 5424
	Sequence	+edge_82_1_-disjointig_26_9180_10317 1137 -12 20395 9180 10317
	Sequence	+edge_82_2_+disjointig_26_11214_11961 747 12 20395 11214 11961
Edge	163	157	0	1	0	0	912	-1
	Sequence	-edge_82_0_+disjointig_12_4518_5424 906 -3 15609 10184 11090
	Sequence	-edge_82_1_-disjointig_26_9180_10317 1137 12 20395 10077 11214
	Sequence	-edge_82_2_+disjointig_26_11214_11961 747 -12 20395 8433 9180
Edge	164	160	193	1	0	1	432	-1
	Sequence	+edge_83_0_+disjointig_10_31590_32327 737 1 927638 31590 32327
	Sequence	+edge_83_1_+disjointig_10_176722_177610 888 1 927638 176722 177610
	Sequence	+edge_83_2_-disjointig_10_729973_730794 821 -1 927638 729973 730794
	Sequence	+edge_83_3_+disjointig_10_221459_222661 1202 1 927638 221459 222661
	Sequence	+edge_83_4_+disjointig_10_467111_467983 872 1 927638 467111 467983
	Sequence	+edge_83_5_+disjointig_10_902198_902890 692 1 927638 902198 902890
	Sequence	+edge_83_6_-disjointig_9_501109_501801 692 -21 560559 501109 501801
	Sequence	+edge_83_7_-disjointig_9_121133_122005 872 -21 560559 121133 122005
	Sequence	+edge_83_8_-disjointig_9_63589_64280 691 -21 560559 63589 64280
Edge	165	109	76	1	0	1	432	-1
	Sequence	-edge_83_0_+disjointig_10_31590_32327 737 -1 927638 895310 896047
	Sequence	-edge_83_1_+disjointig_10_176722_177610 888 -1 927638 750027 750915
	Sequence	-edge_83_2_-disjointig_10_729973_730794 821 1 927638 196843 197664
	Sequence	-edge_83_3_+disjointig_10_221459_222661 1202 -1 927638 704976 706178
	Sequence	-edge_83_4_+disjointig_10_467111_467983 872 -1 927638 459654 460526
	Sequence	-edge_83_5_+disjointig_10_902198_902890 692 -1 927638 24747 25439
	Sequence	-edge_83_6_-disjointig_9_501109_501801 692 21 560559 58757 59449
	Sequence	-edge_83_7_-disjointig_9_121133_122005 872 21 560559 438553 439425
	Sequence	-edge_83_8_-disjointig_9_63589_64280 691 21 560559 496278 496969
Edge	166	161	236	0	0	0	110	-1
	Sequence	+edge_84_0_+disjointig_10_177610_186920 9310 1 927638 177610 186920
Edge	167	263	147	0	0	0	110	-1
	Sequence	-edge_84_0_+disjointig_10_177610_186920 9310 -1 927638 740717 750027
Edge	168	208	261	0	0	0	126	-1
	Sequence	+edge_85_0_+disjointig_10_222661_232466 9805 1 927638 222661 232466
Edge	169	69	259	0	0	0	126	-1
	Sequence	-edge_85_0_+disjointig_10_222661_232466 9805 -1 927638 695171 704976
Edge	170	207	189	0	0	0	101	-1
	Sequence	+edge_86_0_-disjointig_10_730794_731888 1094 -1 927638 730794 731888
Edge	171	198	140	0	0	0	101	-1
	Sequence	-edge_86_0_-disjointig_10_730794_731888 1094 1 927638 195749 196843
Edge	176	112	120	0	0	0	123	-1
	Sequence	+edge_89_0_+disjointig_10_44153_65433 21280 1 927638 44153 65433
Edge	177	249	39	0	0	0	123	-1
	Sequence	-edge_89_0_+disjointig_10_44153_65433 21280 -1 927638 862204 883484
Edge	178	43	66	0	0	0	118	-1
	Sequence	+edge_90_0_-disjointig_10_346591_388498 41907 -1 927638 346591 388498
Edge	179	67	42	0	0	0	118	-1
	Sequence	-edge_90_0_-disjointig_10_346591_388498 41907 1 927638 539139 581046
Edge	182	101	194	0	0	0	94	-1
	Sequence	+edge_92_0_+disjointig_10_188078_194564 6486 1 927638 188078 194564
Edge	183	191	159	0	0	0	94	-1
	Sequence	-edge_92_0_+disjointig_10_188078_194564 6486 -1 927638 733073 739559
Edge	186	89	216	0	0	0	120	-1
	Sequence	+edge_94_0_-disjointig_10_468325_480695 12370 -1 927638 468325 480695
Edge	187	155	211	0	0	0	120	-1
	Sequence	-edge_94_0_-disjointig_10_468325_480695 12370 1 927638 446942 459312
Edge	188	215	204	0	0	0	127	-1
	Sequence	+edge_95_0_+disjointig_9_397417_403323 5906 21 560559 397417 403323
Edge	189	148	221	0	0	0	127	-1
	Sequence	-edge_95_0_+disjointig_9_397417_403323 5906 -21 560559 157235 163141
Edge	192	54	233	0	0	0	109	-1
	Sequence	+edge_97_0_-disjointig_10_782088_806656 24568 -1 927638 782088 806656
Edge	193	235	57	0	0	0	109	-1
	Sequence	-edge_97_0_-disjointig_10_782088_806656 24568 1 927638 120981 145549
Edge	194	65	130	0	0	0	109	-1
	Sequence	+edge_98_0_-disjointig_10_389612_398279 8667 -1 927638 389612 398279
Edge	195	156	68	0	0	0	109	-1
	Sequence	-edge_98_0_-disjointig_10_389612_398279 8667 1 927638 529358 538025
Edge	206	90	134	0	0	0	105	-1
	Sequence	+edge_104_0_-disjointig_10_399464_402458 2994 -1 927638 399464 402458
Edge	207	230	226	0	0	0	105	-1
	Sequence	-edge_104_0_-disjointig_10_399464_402458 2994 1 927638 525179 528173
Edge	208	180	232	0	0	0	118	-1
	Sequence	+edge_105_0_+disjointig_10_435105_445673 10568 1 927638 435105 445673
Edge	209	184	36	0	0	0	118	-1
	Sequence	-edge_105_0_+disjointig_10_435105_445673 10568 -1 927638 481964 492532
Edge	214	258	172	0	0	0	149	-1
	Sequence	+edge_108_0_+disjointig_11_0_5768 5768 2 5769 0 5768
Edge	215	174	176	0	0	0	149	-1
	Sequence	-edge_108_0_+disjointig_11_0_5768 5768 -2 5769 0 5768
Edge	216	157	157	1	0	0	1322	-1
	Sequence	+edge_109_0_+disjointig_12_5424_6001 577 3 15609 5424 6001
	Sequence	+edge_109_1_-disjointig_26_10317_10893 576 -12 20395 10317 10893
	Sequence	+edge_109_2_+disjointig_26_11961_12538 577 12 20395 11961 12538
	Sequence	+edge_109_3_+disjointig_8_47925_48978 1053 20 52896 47925 48978
Edge	217	157	157	1	0	0	1322	-1
	Sequence	-edge_109_0_+disjointig_12_5424_6001 577 -3 15609 9607 10184
	Sequence	-edge_109_1_-disjointig_26_10317_10893 576 12 20395 9501 10077
	Sequence	-edge_109_2_+disjointig_26_11961_12538 577 -12 20395 7856 8433
	Sequence	-edge_109_3_+disjointig_8_47925_48978 1053 -20 52896 3917 4970
Edge	218	157	157	1	0	0	750	-1
	Sequence	+edge_110_0_+disjointig_12_6001_6911 910 3 15609 6001 6911
	Sequence	+edge_110_1_-disjointig_26_10893_11802 909 -12 20395 10893 11802
	Sequence	+edge_110_2_+disjointig_26_12538_13444 906 12 20395 12538 13444
	Sequence	+edge_110_3_-disjointig_8_4970_6126 1156 -20 52896 4970 6126
Edge	219	157	157	1	0	0	750	-1
	Sequence	-edge_110_0_+disjointig_12_6001_6911 910 -3 15609 8697 9607
	Sequence	-edge_110_1_-disjointig_26_10893_11802 909 12 20395 8592 9501
	Sequence	-edge_110_2_+disjointig_26_12538_13444 906 -12 20395 6950 7856
	Sequence	-edge_110_3_-disjointig_8_4970_6126 1156 20 52896 46769 47925
Edge	232	107	122	0	0	0	102	-1
	Sequence	+edge_117_0_+disjointig_15_0_2219 2219 5 2220 0 2219
Edge	233	114	103	0	0	0	102	-1
	Sequence	-edge_117_0_+disjointig_15_0_2219 2219 -5 2220 0 2219
Edge	236	274	274	1	0	0	1350	-1
	Sequence	+edge_119_0_+disjointig_18_0_867 867 7 11990 0 867
	Sequence	+edge_119_1_+disjointig_18_867_1427 560 7 11990 867 1427
	Sequence	+edge_119_2_+disjointig_18_1427_1988 561 7 11990 1427 1988
	Sequence	+edge_119_3_+disjointig_18_1988_2496 508 7 11990 1988 2496
	Sequence	+edge_119_4_+disjointig_18_2496_3424 928 7 11990 2496 3424
	Sequence	+edge_119_5_+disjointig_18_3424_4403 979 7 11990 3424 4403
	Sequence	+edge_119_6_+disjointig_18_4403_5283 880 7 11990 4403 5283
	Sequence	+edge_119_7_+disjointig_18_6062_6760 698 7 11990 6062 6760
	Sequence	+edge_119_8_+disjointig_18_6760_7458 698 7 11990 6760 7458
	Sequence	+edge_119_9_+disjointig_18_7458_8032 574 7 11990 7458 8032
	Sequence	+edge_119_10_+disjointig_18_8032_8926 894 7 11990 8032 8926
	Sequence	+edge_119_11_+disjointig_18_8926_9451 525 7 11990 8926 9451
	Sequence	+edge_119_12_+disjointig_18_9451_9976 525 7 11990 9451 9976
	Sequence	+edge_119_13_+disjointig_18_9976_10705 729 7 11990 9976 10705
	Sequence	+edge_119_14_+disjointig_18_10705_11240 535 7 11990 10705 11240
	Sequence	+edge_119_15_+disjointig_18_11240_11809 569 7 11990 11240 11809
	Sequence	+edge_119_16_-disjointig_19_17341_18353 1012 -8 18354 17341 18353
	Sequence	+edge_119_17_-disjointig_19_16782_17341 559 -8 18354 16782 17341
	Sequence	+edge_119_18_-disjointig_19_16223_16782 559 -8 18354 16223 16782
	Sequence	+edge_119_19_-disjointig_19_15723_16223 500 -8 18354 15723 16223
	Sequence	+edge_119_20_-disjointig_19_14943_15723 780 -8 18354 14943 15723
	Sequence	+edge_119_21_-disjointig_19_14371_14943 572 -8 18354 14371 14943
	Sequence	+edge_119_22_-disjointig_19_13799_14371 572 -8 18354 13799 14371
	Sequence	+edge_119_23_-disjointig_19_13226_13799 573 -8 18354 13226 13799
	Sequence	+edge_119_24_-disjointig_19_12726_13226 500 -8 18354 12726 13226
	Sequence	+edge_119_25_-disjointig_19_12108_12726 618 -8 18354 12108 12726
	Sequence	+edge_119_26_-disjointig_19_11258_12108 850 -8 18354 11258 12108
	Sequence	+edge_119_27_-disjointig_19_10558_11258 700 -8 18354 10558 11258
	Sequence	+edge_119_28_-disjointig_19_9745_10558 813 -8 18354 9745 10558
	Sequence	+edge_119_29_-disjointig_19_9072_9745 673 -8 18354 9072 9745
	Sequence	+edge_119_30_-disjointig_19_8400_9072 672 -8 18354 8400 9072
	Sequence	+edge_119_31_-disjointig_19_7689_8400 711 -8 18354 7689 8400
	Sequence	+edge_119_32_-disjointig_19_6830_7689 859 -8 18354 6830 7689
	Sequence	+edge_119_33_-disjointig_19_6322_6830 508 -8 18354 6322 6830
	Sequence	+edge_119_34_-disjointig_19_5669_6322 653 -8 18354 5669 6322
	Sequence	+edge_119_35_-disjointig_19_5093_5669 576 -8 18354 5093 5669
	Sequence	+edge_119_36_-disjointig_19_4278_5093 815 -8 18354 4278 5093
	Sequence	+edge_119_37_-disjointig_19_3513_4278 765 -8 18354 3513 4278
	Sequence	+edge_119_38_-disjointig_19_2754_3513 759 -8 18354 2754 3513
	Sequence	+edge_119_39_-disjointig_19_1967_2754 787 -8 18354 1967 2754
	Sequence	+edge_119_40_-disjointig_19_1296_1967 671 -8 18354 1296 1967
	Sequence	+edge_119_41_-disjointig_19_673_1296 623 -8 18354 673 1296
	Sequence	+edge_119_42_-disjointig_19_149_673 524 -8 18354 149 673
	Sequence	+edge_119_43_-disjointig_29_35140_36090 950 -14 36091 35140 36090
	Sequence	+edge_119_44_-disjointig_29_34588_35140 552 -14 36091 34588 35140
	Sequence	+edge_119_45_-disjointig_29_34036_34588 552 -14 36091 34036 34588
	Sequence	+edge_119_46_-disjointig_29_33073_34036 963 -14 36091 33073 34036
	Sequence	+edge_119_47_-disjointig_29_32432_33073 641 -14 36091 32432 33073
	Sequence	+edge_119_48_-disjointig_29_31790_32432 642 -14 36091 31790 32432
	Sequence	+edge_119_49_-disjointig_29_30776_31790 1014 -14 36091 30776 31790
	Sequence	+edge_119_50_-disjointig_29_30092_30776 684 -14 36091 30092 30776
	Sequence	+edge_119_51_-disjointig_29_28158_28727 569 -14 36091 28158 28727
	Sequence	+edge_119_52_-disjointig_29_27589_28158 569 -14 36091 27589 28158
	Sequence	+edge_119_53_-disjointig_29_27020_27589 569 -14 36091 27020 27589
	Sequence	+edge_119_54_-disjointig_29_26450_27020 570 -14 36091 26450 27020
	Sequence	+edge_119_55_-disjointig_29_12044_12588 544 -14 36091 12044 12588
	Sequence	+edge_119_56_-disjointig_29_11500_12044 544 -14 36091 11500 12044
	Sequence	+edge_119_57_-disjointig_29_10956_11500 544 -14 36091 10956 11500
	Sequence	+edge_119_58_-disjointig_29_10439_10956 517 -14 36091 10439 10956
	Sequence	+edge_119_59_-disjointig_29_9619_10439 820 -14 36091 9619 10439
	Sequence	+edge_119_60_-disjointig_29_9108_9619 511 -14 36091 9108 9619
	Sequence	+edge_119_61_-disjointig_29_8174_9108 934 -14 36091 8174 9108
	Sequence	+edge_119_62_-disjointig_29_7378_8174 796 -14 36091 7378 8174
	Sequence	+edge_119_63_-disjointig_29_6519_7378 859 -14 36091 6519 7378
	Sequence	+edge_119_64_-disjointig_29_5758_6519 761 -14 36091 5758 6519
	Sequence	+edge_119_65_-disjointig_29_5083_5758 675 -14 36091 5083 5758
	Sequence	+edge_119_66_-disjointig_29_4377_5083 706 -14 36091 4377 5083
	Sequence	+edge_119_67_-disjointig_29_3621_4377 756 -14 36091 3621 4377
	Sequence	+edge_119_68_-disjointig_29_2768_3621 853 -14 36091 2768 3621
	Sequence	+edge_119_69_-disjointig_29_2250_2768 518 -14 36091 2250 2768
	Sequence	+edge_119_70_-disjointig_29_1731_2250 519 -14 36091 1731 2250
	Sequence	+edge_119_71_-disjointig_29_1047_1731 684 -14 36091 1047 1731
	Sequence	+edge_119_72_-disjointig_29_526_1047 521 -14 36091 526 1047
	Sequence	+edge_119_73_-disjointig_29_4_526 522 -14 36091 4 526
Edge	237	104	104	1	0	0	1350	-1
	Sequence	-edge_119_0_+disjointig_18_0_867 867 -7 11990 11122 11989
	Sequence	-edge_119_1_+disjointig_18_867_1427 560 -7 11990 10562 11122
	Sequence	-edge_119_2_+disjointig_18_1427_1988 561 -7 11990 10001 10562
	Sequence	-edge_119_3_+disjointig_18_1988_2496 508 -7 11990 9493 10001
	Sequence	-edge_119_4_+disjointig_18_2496_3424 928 -7 11990 8565 9493
	Sequence	-edge_119_5_+disjointig_18_3424_4403 979 -7 11990 7586 8565
	Sequence	-edge_119_6_+disjointig_18_4403_5283 880 -7 11990 6706 7586
	Sequence	-edge_119_7_+disjointig_18_6062_6760 698 -7 11990 5229 5927
	Sequence	-edge_119_8_+disjointig_18_6760_7458 698 -7 11990 4531 5229
	Sequence	-edge_119_9_+disjointig_18_7458_8032 574 -7 11990 3957 4531
	Sequence	-edge_119_10_+disjointig_18_8032_8926 894 -7 11990 3063 3957
	Sequence	-edge_119_11_+disjointig_18_8926_9451 525 -7 11990 2538 3063
	Sequence	-edge_119_12_+disjointig_18_9451_9976 525 -7 11990 2013 2538
	Sequence	-edge_119_13_+disjointig_18_9976_10705 729 -7 11990 1284 2013
	Sequence	-edge_119_14_+disjointig_18_10705_11240 535 -7 11990 749 1284
	Sequence	-edge_119_15_+disjointig_18_11240_11809 569 -7 11990 180 749
	Sequence	-edge_119_16_-disjointig_19_17341_18353 1012 8 18354 0 1012
	Sequence	-edge_119_17_-disjointig_19_16782_17341 559 8 18354 1012 1571
	Sequence	-edge_119_18_-disjointig_19_16223_16782 559 8 18354 1571 2130
	Sequence	-edge_119_19_-disjointig_19_15723_16223 500 8 18354 2130 2630
	Sequence	-edge_119_20_-disjointig_19_14943_15723 780 8 18354 2630 3410
	Sequence	-edge_119_21_-disjointig_19_14371_14943 572 8 18354 3410 3982
	Sequence	-edge_119_22_-disjointig_19_13799_14371 572 8 18354 3982 4554
	Sequence	-edge_119_23_-disjointig_19_13226_13799 573 8 18354 4554 5127
	Sequence	-edge_119_24_-disjointig_19_12726_13226 500 8 18354 5127 5627
	Sequence	-edge_119_25_-disjointig_19_12108_12726 618 8 18354 5627 6245
	Sequence	-edge_119_26_-disjointig_19_11258_12108 850 8 18354 6245 7095
	Sequence	-edge_119_27_-disjointig_19_10558_11258 700 8 18354 7095 7795
	Sequence	-edge_119_28_-disjointig_19_9745_10558 813 8 18354 7795 8608
	Sequence	-edge_119_29_-disjointig_19_9072_9745 673 8 18354 8608 9281
	Sequence	-edge_119_30_-disjointig_19_8400_9072 672 8 18354 9281 9953
	Sequence	-edge_119_31_-disjointig_19_7689_8400 711 8 18354 9953 10664
	Sequence	-edge_119_32_-disjointig_19_6830_7689 859 8 18354 10664 11523
	Sequence	-edge_119_33_-disjointig_19_6322_6830 508 8 18354 11523 12031
	Sequence	-edge_119_34_-disjointig_19_5669_6322 653 8 18354 12031 12684
	Sequence	-edge_119_35_-disjointig_19_5093_5669 576 8 18354 12684 13260
	Sequence	-edge_119_36_-disjointig_19_4278_5093 815 8 18354 13260 14075
	Sequence	-edge_119_37_-disjointig_19_3513_4278 765 8 18354 14075 14840
	Sequence	-edge_119_38_-disjointig_19_2754_3513 759 8 18354 14840 15599
	Sequence	-edge_119_39_-disjointig_19_1967_2754 787 8 18354 15599 16386
	Sequence	-edge_119_40_-disjointig_19_1296_1967 671 8 18354 16386 17057
	Sequence	-edge_119_41_-disjointig_19_673_1296 623 8 18354 17057 17680
	Sequence	-edge_119_42_-disjointig_19_149_673 524 8 18354 17680 18204
	Sequence	-edge_119_43_-disjointig_29_35140_36090 950 14 36091 0 950
	Sequence	-edge_119_44_-disjointig_29_34588_35140 552 14 36091 950 1502
	Sequence	-edge_119_45_-disjointig_29_34036_34588 552 14 36091 1502 2054
	Sequence	-edge_119_46_-disjointig_29_33073_34036 963 14 36091 2054 3017
	Sequence	-edge_119_47_-disjointig_29_32432_33073 641 14 36091 3017 3658
	Sequence	-edge_119_48_-disjointig_29_31790_32432 642 14 36091 3658 4300
	Sequence	-edge_119_49_-disjointig_29_30776_31790 1014 14 36091 4300 5314
	Sequence	-edge_119_50_-disjointig_29_30092_30776 684 14 36091 5314 5998
	Sequence	-edge_119_51_-disjointig_29_28158_28727 569 14 36091 7363 7932
	Sequence	-edge_119_52_-disjointig_29_27589_28158 569 14 36091 7932 8501
	Sequence	-edge_119_53_-disjointig_29_27020_27589 569 14 36091 8501 9070
	Sequence	-edge_119_54_-disjointig_29_26450_27020 570 14 36091 9070 9640
	Sequence	-edge_119_55_-disjointig_29_12044_12588 544 14 36091 23502 24046
	Sequence	-edge_119_56_-disjointig_29_11500_12044 544 14 36091 24046 24590
	Sequence	-edge_119_57_-disjointig_29_10956_11500 544 14 36091 24590 25134
	Sequence	-edge_119_58_-disjointig_29_10439_10956 517 14 36091 25134 25651
	Sequence	-edge_119_59_-disjointig_29_9619_10439 820 14 36091 25651 26471
	Sequence	-edge_119_60_-disjointig_29_9108_9619 511 14 36091 26471 26982
	Sequence	-edge_119_61_-disjointig_29_8174_9108 934 14 36091 26982 27916
	Sequence	-edge_119_62_-disjointig_29_7378_8174 796 14 36091 27916 28712
	Sequence	-edge_119_63_-disjointig_29_6519_7378 859 14 36091 28712 29571
	Sequence	-edge_119_64_-disjointig_29_5758_6519 761 14 36091 29571 30332
	Sequence	-edge_119_65_-disjointig_29_5083_5758 675 14 36091 30332 31007
	Sequence	-edge_119_66_-disjointig_29_4377_5083 706 14 36091 31007 31713
	Sequence	-edge_119_67_-disjointig_29_3621_4377 756 14 36091 31713 32469
	Sequence	-edge_119_68_-disjointig_29_2768_3621 853 14 36091 32469 33322
	Sequence	-edge_119_69_-disjointig_29_2250_2768 518 14 36091 33322 33840
	Sequence	-edge_119_70_-disjointig_29_1731_2250 519 14 36091 33840 34359
	Sequence	-edge_119_71_-disjointig_29_1047_1731 684 14 36091 34359 35043
	Sequence	-edge_119_72_-disjointig_29_526_1047 521 14 36091 35043 35564
	Sequence	-edge_119_73_-disjointig_29_4_526 522 14 36091 35564 36086
Edge	238	274	274	1	0	0	5	-1
	Sequence	+edge_120_0_+disjointig_18_5283_6062 779 7 11990 5283 6062
Edge	239	104	104	1	0	0	5	-1
	Sequence	-edge_120_0_+disjointig_18_5283_6062 779 -7 11990 5927 6706
Edge	240	274	274	1	0	0	925	-1
	Sequence	+edge_121_0_-disjointig_29_28727_30092 1365 -14 36091 28727 30092
	Sequence	+edge_121_1_-disjointig_29_25101_26450 1349 -14 36091 25101 26450
	Sequence	+edge_121_2_-disjointig_29_23048_24059 1011 -14 36091 23048 24059
	Sequence	+edge_121_3_-disjointig_29_22404_23048 644 -14 36091 22404 23048
	Sequence	+edge_121_4_-disjointig_29_21706_22404 698 -14 36091 21706 22404
	Sequence	+edge_121_5_-disjointig_29_21173_21706 533 -14 36091 21173 21706
	Sequence	+edge_121_6_-disjointig_29_20664_21173 509 -14 36091 20664 21173
	Sequence	+edge_121_7_-disjointig_29_20158_20664 506 -14 36091 20158 20664
	Sequence	+edge_121_8_-disjointig_29_19451_20158 707 -14 36091 19451 20158
	Sequence	+edge_121_9_-disjointig_29_18913_19451 538 -14 36091 18913 19451
	Sequence	+edge_121_10_-disjointig_29_18007_18913 906 -14 36091 18007 18913
	Sequence	+edge_121_11_-disjointig_29_16884_17500 616 -14 36091 16884 17500
	Sequence	+edge_121_12_-disjointig_29_15982_16884 902 -14 36091 15982 16884
	Sequence	+edge_121_13_-disjointig_29_15401_15982 581 -14 36091 15401 15982
	Sequence	+edge_121_14_-disjointig_29_14881_15401 520 -14 36091 14881 15401
	Sequence	+edge_121_15_-disjointig_29_14073_14881 808 -14 36091 14073 14881
	Sequence	+edge_121_16_-disjointig_29_13164_14073 909 -14 36091 13164 14073
	Sequence	+edge_121_17_-disjointig_29_12588_13164 576 -14 36091 12588 13164
Edge	241	104	104	1	0	0	925	-1
	Sequence	-edge_121_0_-disjointig_29_28727_30092 1365 14 36091 5998 7363
	Sequence	-edge_121_1_-disjointig_29_25101_26450 1349 14 36091 9640 10989
	Sequence	-edge_121_2_-disjointig_29_23048_24059 1011 14 36091 12031 13042
	Sequence	-edge_121_3_-disjointig_29_22404_23048 644 14 36091 13042 13686
	Sequence	-edge_121_4_-disjointig_29_21706_22404 698 14 36091 13686 14384
	Sequence	-edge_121_5_-disjointig_29_21173_21706 533 14 36091 14384 14917
	Sequence	-edge_121_6_-disjointig_29_20664_21173 509 14 36091 14917 15426
	Sequence	-edge_121_7_-disjointig_29_20158_20664 506 14 36091 15426 15932
	Sequence	-edge_121_8_-disjointig_29_19451_20158 707 14 36091 15932 16639
	Sequence	-edge_121_9_-disjointig_29_18913_19451 538 14 36091 16639 17177
	Sequence	-edge_121_10_-disjointig_29_18007_18913 906 14 36091 17177 18083
	Sequence	-edge_121_11_-disjointig_29_16884_17500 616 14 36091 18590 19206
	Sequence	-edge_121_12_-disjointig_29_15982_16884 902 14 36091 19206 20108
	Sequence	-edge_121_13_-disjointig_29_15401_15982 581 14 36091 20108 20689
	Sequence	-edge_121_14_-disjointig_29_14881_15401 520 14 36091 20689 21209
	Sequence	-edge_121_15_-disjointig_29_14073_14881 808 14 36091 21209 22017
	Sequence	-edge_121_16_-disjointig_29_13164_14073 909 14 36091 22017 22926
	Sequence	-edge_121_17_-disjointig_29_12588_13164 576 14 36091 22926 23502
Edge	242	274	274	1	0	0	86	-1
	Sequence	+edge_122_0_-disjointig_29_24059_25101 1042 -14 36091 24059 25101
Edge	243	104	104	1	0	0	86	-1
	Sequence	-edge_122_0_-disjointig_29_24059_25101 1042 14 36091 10989 12031
Edge	246	183	117	0	0	0	68	-1
	Sequence	+edge_124_0_+disjointig_23_0_2159 2159 10 2160 0 2159
Edge	247	99	98	0	0	0	68	-1
	Sequence	-edge_124_0_+disjointig_23_0_2159 2159 -10 2160 0 2159
Edge	252	92	252	0	0	0	68	-1
	Sequence	+edge_127_0_+disjointig_30_0_2071 2071 15 2072 0 2071
Edge	253	218	248	0	0	0	68	-1
	Sequence	-edge_127_0_+disjointig_30_0_2071 2071 -15 2072 0 2071
Edge	254	128	88	0	0	0	45	-1
	Sequence	+edge_128_0_+disjointig_32_0_2374 2374 16 2375 0 2374
Edge	255	158	118	0	0	0	45	-1
	Sequence	-edge_128_0_+disjointig_32_0_2374 2374 -16 2375 0 2374
Edge	260	124	220	1	0	0	18552	-1
	Sequence	+edge_131_0_+disjointig_36_2327_3561 1234 18 3565 2327 3561
	Sequence	+edge_131_1_-disjointig_6_2292_3552 1260 -19 3560 2292 3552
Edge	261	102	86	1	0	0	18552	-1
	Sequence	-edge_131_0_+disjointig_36_2327_3561 1234 -18 3565 3 1237
	Sequence	-edge_131_1_-disjointig_6_2292_3552 1260 19 3560 7 1267
Edge	262	85	151	1	0	0	18696	-1
	Sequence	+edge_132_0_+disjointig_6_1267_3559 2292 19 3560 1267 3559
Edge	263	132	129	1	0	0	18696	-1
	Sequence	-edge_132_0_+disjointig_6_1267_3559 2292 -19 3560 0 2292
Edge	264	0	0	1	0	0	253	-1
	Sequence	+edge_133_0_-disjointig_9_21230_59238 38008 -21 560559 21230 59238
Edge	265	0	0	1	0	0	253	-1
	Sequence	-edge_133_0_-disjointig_9_21230_59238 38008 21 560559 501320 539328
Edge	266	22	228	0	0	0	120	-1
	Sequence	+edge_134_0_+disjointig_10_488231_523165 34934 1 927638 488231 523165
Edge	267	257	21	0	0	0	120	-1
	Sequence	-edge_134_0_+disjointig_10_488231_523165 34934 -1 927638 404472 439406
Edge	268	0	109	1	0	0	258	-1
	Sequence	+edge_135_0_-disjointig_10_6_24747 24741 -1 927638 6 24747
	Sequence	+edge_135_1_+disjointig_9_34352_58757 24405 21 560559 34352 58757
Edge	269	193	0	1	0	0	258	-1
	Sequence	-edge_135_0_-disjointig_10_6_24747 24741 1 927638 902890 927631
	Sequence	-edge_135_1_+disjointig_9_34352_58757 24405 -21 560559 501801 526206
Edge	270	157	192	1	0	0	1284	-1
	Sequence	+edge_136_0_+disjointig_12_6911_15583 8672 3 15609 6911 15583
	Sequence	+edge_136_1_-disjointig_26_11802_20345 8543 -12 20395 11802 20345
	Sequence	+edge_136_2_-disjointig_8_35153_43798 8645 -20 52896 35153 43798
	Sequence	+edge_136_3_+disjointig_8_17742_26918 9176 20 52896 17742 26918
	Sequence	+edge_136_4_-disjointig_8_6126_14742 8616 -20 52896 6126 14742
Edge	271	110	157	1	0	0	1284	-1
	Sequence	-edge_136_0_+disjointig_12_6911_15583 8672 -3 15609 25 8697
	Sequence	-edge_136_1_-disjointig_26_11802_20345 8543 12 20395 49 8592
	Sequence	-edge_136_2_-disjointig_8_35153_43798 8645 20 52896 9097 17742
	Sequence	-edge_136_3_+disjointig_8_17742_26918 9176 -20 52896 25977 35153
	Sequence	-edge_136_4_-disjointig_8_6126_14742 8616 20 52896 38153 46769
Edge	272	192	110	0	0	0	175	-1
	Sequence	+edge_137_0_+disjointig_8_26918_38153 11235 20 52896 26918 38153
Edge	273	192	110	0	0	0	175	-1
	Sequence	-edge_137_0_+disjointig_8_26918_38153 11235 -20 52896 14742 25977
Edge	274	141	166	0	0	0	117	-1
	Sequence	+edge_138_0_+2ff8df85-605f-4eb8-a51a-6c90e6e3e291_992_7470 6478 * 0 0 0
Edge	275	266	75	0	0	0	117	-1
	Sequence	-edge_138_0_+2ff8df85-605f-4eb8-a51a-6c90e6e3e291_992_7470 6478 * 0 0 0
Edge	276	95	178	0	0	0	107	-1
	Sequence	+edge_139_0_-30205597-391a-4dc4-b190-e27985120500_4379_17233 12854 * 0 0 0
Edge	277	217	106	0	0	0	107	-1
	Sequence	-edge_139_0_-30205597-391a-4dc4-b190-e27985120500_4379_17233 12854 * 0 0 0
Edge	278	74	138	0	0	0	143	-1
	Sequence	+edge_140_0_-cb0b25a9-f147-476b-9f8c-b45542fbb4bb_5910_18258 12348 * 0 0 0
Edge	279	131	187	0	0	0	143	-1
	Sequence	-edge_140_0_-cb0b25a9-f147-476b-9f8c-b45542fbb4bb_5910_18258 12348 * 0 0 0
Edge	280	82	77	0	0	0	112	-1
	Sequence	+edge_141_0_+eb483e5b-a545-4d81-abe9-1792db233bec_3952_10995 7043 * 0 0 0
Edge	281	188	164	0	0	0	112	-1
	Sequence	-edge_141_0_+eb483e5b-a545-4d81-abe9-1792db233bec_3952_10995 7043 * 0 0 0
Edge	282	189	191	0	0	0	97	-1
	Sequence	+edge_142_0_-5c725270-eb60-4211-bdad-6cac46bf4673_1949_3134 1185 * 0 0 0
Edge	283	194	198	0	0	0	97	-1
	Sequence	-edge_142_0_-5c725270-eb60-4211-bdad-6cac46bf4673_1949_3134 1185 * 0 0 0
Edge	284	140	201	0	0	0	96	-1
	Sequence	+edge_143_0_+a98f3839-c9a9-4971-b6df-87550a338da6_3769_6886 3117 * 0 0 0
Edge	285	190	207	0	0	0	96	-1
	Sequence	-edge_143_0_+a98f3839-c9a9-4971-b6df-87550a338da6_3769_6886 3117 * 0 0 0
Edge	286	210	179	0	0	0	110	-1
	Sequence	+edge_144_0_-2c43e4af-0e8f-4c52-b1a3-045bef916f2b_15863_20159 4296 * 0 0 0
Edge	287	149	260	0	0	0	110	-1
	Sequence	-edge_144_0_-2c43e4af-0e8f-4c52-b1a3-045bef916f2b_15863_20159 4296 * 0 0 0
Edge	288	282	89	0	0	0	116	-1
	Sequence	+edge_145_0_-9be428af-896e-46d1-bf0c-01adafc9692f_3775_12443 8668 * 0 0 0
Edge	289	211	167	0	0	0	116	-1
	Sequence	-edge_145_0_-9be428af-896e-46d1-bf0c-01adafc9692f_3775_12443 8668 * 0 0 0
Edge	290	213	287	0	0	0	141	-1
	Sequence	+edge_146_0_-11387226-750b-4d74-a2a9-b5d6e8750f65_3548_4733 1185 * 0 0 0
Edge	291	78	133	0	0	0	141	-1
	Sequence	-edge_146_0_-11387226-750b-4d74-a2a9-b5d6e8750f65_3548_4733 1185 * 0 0 0
Edge	292	214	161	0	0	0	105	-1
	Sequence	+edge_147_0_-78172dc3-b5b2-469e-90af-2159f11daab3_2833_7435 4602 * 0 0 0
Edge	293	147	186	0	0	0	105	-1
	Sequence	-edge_147_0_-78172dc3-b5b2-469e-90af-2159f11daab3_2833_7435 4602 * 0 0 0
Edge	294	205	144	0	0	0	107	-1
	Sequence	+edge_148_0_-706ac22d-2a36-531c-b468-4e7f3c830bb7_1840_6558 4718 * 0 0 0
Edge	295	177	153	0	0	0	107	-1
	Sequence	-edge_148_0_-706ac22d-2a36-531c-b468-4e7f3c830bb7_1840_6558 4718 * 0 0 0
Edge	296	145	215	0	0	0	132	-1
	Sequence	+edge_149_0_-f11ac7b1-8abd-41dd-a249-60f5be9f380e_5506_6676 1170 * 0 0 0
Edge	297	221	108	0	0	0	132	-1
	Sequence	-edge_149_0_-f11ac7b1-8abd-41dd-a249-60f5be9f380e_5506_6676 1170 * 0 0 0
Edge	298	125	222	0	0	0	128	-1
	Sequence	+edge_150_0_-f85a85e8-6e92-4a65-967e-09c74ebd8796_2474_5285 2811 * 0 0 0
Edge	299	223	224	0	0	0	128	-1
	Sequence	-edge_150_0_-f85a85e8-6e92-4a65-967e-09c74ebd8796_2474_5285 2811 * 0 0 0
Edge	300	130	90	0	0	0	107	-1
	Sequence	+edge_151_0_-1061034e-2242-51ff-bc9b-4a0b8ae6e81b_5710_6894 1184 * 0 0 0
Edge	301	226	156	0	0	0	107	-1
	Sequence	-edge_151_0_-1061034e-2242-51ff-bc9b-4a0b8ae6e81b_5710_6894 1184 * 0 0 0
Edge	302	134	257	0	0	0	112	-1
	Sequence	+edge_152_0_-8f9cbad7-a0a9-4645-b64f-d267441a37ca_3627_5640 2013 * 0 0 0
Edge	303	228	230	0	0	0	112	-1
	Sequence	-edge_152_0_-8f9cbad7-a0a9-4645-b64f-d267441a37ca_3627_5640 2013 * 0 0 0
Edge	304	232	155	0	0	0	119	-1
	Sequence	+edge_153_0_-81407c16-4bfd-462d-aa22-06e734f878f5_2782_4053 1271 * 0 0 0
Edge	305	216	184	0	0	0	119	-1
	Sequence	-edge_153_0_-81407c16-4bfd-462d-aa22-06e734f878f5_2782_4053 1271 * 0 0 0
Edge	306	233	289	0	0	0	107	-1
	Sequence	+edge_154_0_+351f1fbd-bc2d-4d86-83a0-b60b66c3d8d0_3538_20356 16818 * 0 0 0
Edge	307	105	235	0	0	0	107	-1
	Sequence	-edge_154_0_+351f1fbd-bc2d-4d86-83a0-b60b66c3d8d0_3538_20356 16818 * 0 0 0
Edge	308	236	101	0	0	0	102	-1
	Sequence	+edge_155_0_-e8487b08-a2cb-4ad3-9110-23e6d01e1b31_9150_10307 1157 * 0 0 0
Edge	309	159	263	0	0	0	102	-1
	Sequence	-edge_155_0_-e8487b08-a2cb-4ad3-9110-23e6d01e1b31_9150_10307 1157 * 0 0 0
Edge	310	269	152	0	0	0	130	-1
	Sequence	+edge_156_0_-0b1186d3-3014-4113-9122-8d90648afc06_1208_9308 8100 * 0 0 0
Edge	311	237	229	0	0	0	130	-1
	Sequence	-edge_156_0_-0b1186d3-3014-4113-9122-8d90648afc06_1208_9308 8100 * 0 0 0
Edge	312	238	231	0	0	0	139	-1
	Sequence	+edge_157_0_-1a4fae82-2330-4f19-bd6c-33557bbed347_12834_14306 1472 * 0 0 0
Edge	313	239	169	0	0	0	139	-1
	Sequence	-edge_157_0_-1a4fae82-2330-4f19-bd6c-33557bbed347_12834_14306 1472 * 0 0 0
Edge	314	240	241	0	0	0	126	-1
	Sequence	+edge_158_0_-b28f569d-8ad4-4f31-b4cd-5ed144b51644_1885_3375 1490 * 0 0 0
Edge	315	79	111	0	0	0	126	-1
	Sequence	-edge_158_0_-b28f569d-8ad4-4f31-b4cd-5ed144b51644_1885_3375 1490 * 0 0 0
Edge	316	219	148	0	0	0	135	-1
	Sequence	+edge_159_0_-b77b8554-040c-4a3d-92f7-a3a6a09e209b_5561_7577 2016 * 0 0 0
Edge	317	204	136	0	0	0	135	-1
	Sequence	-edge_159_0_-b77b8554-040c-4a3d-92f7-a3a6a09e209b_5561_7577 2016 * 0 0 0
Edge	318	242	181	0	0	0	98	-1
	Sequence	+edge_160_0_-916653a8-5b76-50ef-977d-f3b064471f29_2847_4032 1185 * 0 0 0
Edge	319	243	245	0	0	0	98	-1
	Sequence	-edge_160_0_-916653a8-5b76-50ef-977d-f3b064471f29_2847_4032 1185 * 0 0 0
Edge	320	120	195	0	0	0	119	-1
	Sequence	+edge_161_0_+69e55949-72a0-431a-8cec-9fb88539a5fe_3314_4511 1197 * 0 0 0
Edge	321	247	249	0	0	0	119	-1
	Sequence	-edge_161_0_+69e55949-72a0-431a-8cec-9fb88539a5fe_3314_4511 1197 * 0 0 0
Edge	322	206	250	0	0	0	110	-1
	Sequence	+edge_162_0_-108f49a6-d8f7-4586-824a-a8eb6ea7d3ab_17845_19335 1490 * 0 0 0
Edge	323	251	254	0	0	0	110	-1
	Sequence	-edge_162_0_-108f49a6-d8f7-4586-824a-a8eb6ea7d3ab_17845_19335 1490 * 0 0 0
Edge	324	259	173	0	0	0	122	-1
	Sequence	+edge_163_0_+1e41da4e-166d-5626-84d2-d3e09e8c2b2a_10177_13657 3480 * 0 0 0
Edge	325	262	208	0	0	0	122	-1
	Sequence	-edge_163_0_+1e41da4e-166d-5626-84d2-d3e09e8c2b2a_10177_13657 3480 * 0 0 0
Edge	326	264	267	0	0	0	119	-1
	Sequence	+edge_164_0_+5c2a2161-8d1d-4f2d-9f48-48831dd672db_2451_3628 1177 * 0 0 0
Edge	327	268	270	0	0	0	119	-1
	Sequence	-edge_164_0_+5c2a2161-8d1d-4f2d-9f48-48831dd672db_2451_3628 1177 * 0 0 0
Edge	328	271	272	0	0	0	107	-1
	Sequence	+edge_165_0_+297e8a38-1769-444a-b6b8-631380b4a4fb_2699_4095 1396 * 0 0 0
Edge	329	126	137	0	0	0	107	-1
	Sequence	-edge_165_0_+297e8a38-1769-444a-b6b8-631380b4a4fb_2699_4095 1396 * 0 0 0
Edge	330	275	276	0	0	0	140	-1
	Sequence	+edge_166_0_+067a69b2-b7f8-434a-a6c1-f814c960492a_35211_36680 1469 * 0 0 0
Edge	331	278	84	0	0	0	140	-1
	Sequence	-edge_166_0_+067a69b2-b7f8-434a-a6c1-f814c960492a_35211_36680 1469 * 0 0 0
Edge	332	182	279	0	0	0	124	-1
	Sequence	+edge_167_0_-79f0a8f5-760c-4dcc-9e0e-ce54879c430e_2690_4180 1490 * 0 0 0
Edge	333	281	283	0	0	0	124	-1
	Sequence	-edge_167_0_-79f0a8f5-760c-4dcc-9e0e-ce54879c430e_2690_4180 1490 * 0 0 0
Edge	334	284	285	0	0	0	120	-1
	Sequence	+edge_168_0_-5ba2c671-575d-4051-b2ad-7b5201def2e7_14272_15742 1470 * 0 0 0
Edge	335	288	115	0	0	0	120	-1
	Sequence	-edge_168_0_-5ba2c671-575d-4051-b2ad-7b5201def2e7_14272_15742 1470 * 0 0 0
Edge	336	290	87	0	0	0	132	-1
	Sequence	+edge_169_0_+bbb06c08-6bc0-4654-a9ae-1acf4d811c5c_1856_3337 1481 * 0 0 0
Edge	337	93	291	0	0	0	132	-1
	Sequence	-edge_169_0_+bbb06c08-6bc0-4654-a9ae-1acf4d811c5c_1856_3337 1481 * 0 0 0
Edge	338	121	196	0	0	0	109	-1
	Sequence	+edge_170_0_-deaed8d6-2eaf-4e27-b29d-7b55f508cc04_5268_6742 1474 * 0 0 0
Edge	339	135	292	0	0	0	109	-1
	Sequence	-edge_170_0_-deaed8d6-2eaf-4e27-b29d-7b55f508cc04_5268_6742 1474 * 0 0 0
Edge	340	293	116	0	0	0	122	-1
	Sequence	+edge_171_0_-a98a4e32-d720-4c37-b2ff-29f1ad7b2a28_2060_3551 1491 * 0 0 0
Edge	341	142	113	0	0	0	122	-1
	Sequence	-edge_171_0_-a98a4e32-d720-4c37-b2ff-29f1ad7b2a28_2060_3551 1491 * 0 0 0
Edge	342	212	227	0	0	0	127	-1
	Sequence	+edge_172_0_-6bff6fad-0722-4e69-b93d-36ef0612cd3e_5201_6673 1472 * 0 0 0
Edge	343	253	255	0	0	0	127	-1
	Sequence	-edge_172_0_-6bff6fad-0722-4e69-b93d-36ef0612cd3e_5201_6673 1472 * 0 0 0
Edge	344	261	71	0	0	0	115	-1
	Sequence	+edge_173_0_-9938d67a-51dc-4188-a668-38579b770ab8_1129_2251 1122 * 0 0 0
Edge	345	70	69	0	0	0	115	-1
	Sequence	-edge_173_0_-9938d67a-51dc-4188-a668-38579b770ab8_1129_2251 1122 * 0 0 0
Edge	346	68	67	0	0	0	113	-1
	Sequence	+edge_174_0_+7cb3a49e-7948-4bec-b8b5-b4770e56b7a5_615_1728 1113 * 0 0 0
Edge	347	66	65	0	0	0	113	-1
	Sequence	-edge_174_0_+7cb3a49e-7948-4bec-b8b5-b4770e56b7a5_615_1728 1113 * 0 0 0
Edge	348	146	94	0	0	0	140	-1
	Sequence	+edge_175_0_-8e331f4d-ca95-4c2e-997f-8fe1501980aa_1203_3202 1999 * 0 0 0
Edge	349	63	127	0	0	0	140	-1
	Sequence	-edge_175_0_-8e331f4d-ca95-4c2e-997f-8fe1501980aa_1203_3202 1999 * 0 0 0
Edge	350	62	61	0	0	0	104	-1
	Sequence	+edge_176_0_-bc147011-8847-4c3d-b2fc-95b8fb6ed04b_1950_3423 1473 * 0 0 0
Edge	351	168	60	0	0	0	104	-1
	Sequence	-edge_176_0_-bc147011-8847-4c3d-b2fc-95b8fb6ed04b_1950_3423 1473 * 0 0 0
Edge	352	100	59	0	0	0	104	-1
	Sequence	+edge_177_0_+25bc3ee6-f8a6-4a8d-a32a-fa98c504aff0_3125_4595 1470 * 0 0 0
Edge	353	58	150	0	0	0	104	-1
	Sequence	-edge_177_0_+25bc3ee6-f8a6-4a8d-a32a-fa98c504aff0_3125_4595 1470 * 0 0 0
Edge	354	57	56	0	0	0	109	-1
	Sequence	+edge_178_0_-0128d81e-5fc1-47f7-896b-b3473c23b387_1856_3045 1189 * 0 0 0
Edge	355	55	54	0	0	0	109	-1
	Sequence	-edge_178_0_-0128d81e-5fc1-47f7-896b-b3473c23b387_1856_3045 1189 * 0 0 0
Edge	356	52	163	0	0	0	129	-1
	Sequence	+edge_179_0_-23e19fdb-892f-4daf-b6bd-f6ff277f19f1_4469_5959 1490 * 0 0 0
Edge	357	51	197	0	0	0	129	-1
	Sequence	-edge_179_0_-23e19fdb-892f-4daf-b6bd-f6ff277f19f1_4469_5959 1490 * 0 0 0
Edge	358	50	49	0	0	0	126	-1
	Sequence	+edge_180_0_-ec00e44d-d090-4aff-93aa-b04794a2dc37_923_2233 1310 * 0 0 0
Edge	359	48	175	0	0	0	126	-1
	Sequence	-edge_180_0_-ec00e44d-d090-4aff-93aa-b04794a2dc37_923_2233 1310 * 0 0 0
Edge	360	185	91	0	0	0	127	-1
	Sequence	+edge_181_0_+464a73f1-f8d8-4b6e-947e-b1b4720219a6_2656_4125 1469 * 0 0 0
Edge	361	200	47	0	0	0	127	-1
	Sequence	-edge_181_0_+464a73f1-f8d8-4b6e-947e-b1b4720219a6_2656_4125 1469 * 0 0 0
Edge	362	143	46	0	0	0	135	-1
	Sequence	+edge_182_0_+6a03479f-71c4-4866-b4df-571785c3572c_4735_6207 1472 * 0 0 0
Edge	363	45	154	0	0	0	135	-1
	Sequence	-edge_182_0_+6a03479f-71c4-4866-b4df-571785c3572c_4735_6207 1472 * 0 0 0
Edge	364	44	43	0	0	0	118	-1
	Sequence	+edge_183_0_-deec3cbb-578e-4621-b636-832f91895aba_10596_11766 1170 * 0 0 0
Edge	365	42	280	0	0	0	118	-1
	Sequence	-edge_183_0_-deec3cbb-578e-4621-b636-832f91895aba_10596_11766 1170 * 0 0 0
Edge	366	40	112	0	0	0	118	-1
	Sequence	+edge_184_0_-a6392757-e5b2-42d2-84c7-05c994f621c3_7639_8810 1171 * 0 0 0
Edge	367	39	286	0	0	0	118	-1
	Sequence	-edge_184_0_-a6392757-e5b2-42d2-84c7-05c994f621c3_7639_8810 1171 * 0 0 0
Edge	368	38	37	0	0	0	134	-1
	Sequence	+edge_185_0_+657d9f30-c8ac-4766-a662-8f1e309184b8_655_1933 1278 * 0 0 0
Edge	369	209	234	0	0	0	134	-1
	Sequence	-edge_185_0_+657d9f30-c8ac-4766-a662-8f1e309184b8_655_1933 1278 * 0 0 0
Edge	370	36	35	0	0	0	113	-1
	Sequence	+edge_186_0_-6b0fc704-c865-4034-bde8-702cfd939d8f_4122_5256 1134 * 0 0 0
Edge	371	80	180	0	0	0	113	-1
	Sequence	-edge_186_0_-6b0fc704-c865-4034-bde8-702cfd939d8f_4122_5256 1134 * 0 0 0
Edge	372	199	34	0	0	0	109	-1
	Sequence	+edge_187_0_+f884367c-3863-4115-9e2f-18a75cf6fa19_9257_10454 1197 * 0 0 0
Edge	373	33	32	0	0	0	109	-1
	Sequence	-edge_187_0_+f884367c-3863-4115-9e2f-18a75cf6fa19_9257_10454 1197 * 0 0 0
Edge	374	30	246	0	0	0	125	-1
	Sequence	+edge_188_0_+81888e18-aae1-4a30-8f6d-e98e2e0e9770_3318_5341 2023 * 0 0 0
Edge	375	73	203	0	0	0	125	-1
	Sequence	-edge_188_0_+81888e18-aae1-4a30-8f6d-e98e2e0e9770_3318_5341 2023 * 0 0 0
Edge	376	29	28	0	0	0	133	-1
	Sequence	+edge_189_0_-92bb922b-4503-4b32-a864-a6d74d6749c8_14708_17844 3136 * 0 0 0
Edge	377	27	26	0	0	0	133	-1
	Sequence	-edge_189_0_-92bb922b-4503-4b32-a864-a6d74d6749c8_14708_17844 3136 * 0 0 0
Edge	378	97	171	0	0	0	130	-1
	Sequence	+edge_190_0_+48451c8b-394f-4824-ab8b-b9653ca46f6f_1206_2679 1473 * 0 0 0
Edge	379	25	24	0	0	0	130	-1
	Sequence	-edge_190_0_+48451c8b-394f-4824-ab8b-b9653ca46f6f_1206_2679 1473 * 0 0 0
Edge	380	23	22	0	0	0	116	-1
	Sequence	+edge_191_0_-73e00a9d-5b7a-4a1e-bc2f-2e5c5cb59eea_17345_20901 3556 * 0 0 0
Edge	381	21	64	0	0	0	116	-1
	Sequence	-edge_191_0_-73e00a9d-5b7a-4a1e-bc2f-2e5c5cb59eea_17345_20901 3556 * 0 0 0
Edge	382	20	31	0	0	0	105	-1
	Sequence	+edge_192_0_-62264965-3990-48dd-9ccb-3cb99c28dbbd_1836_6233 4397 * 0 0 0
Edge	383	123	19	0	0	0	105	-1
	Sequence	-edge_192_0_-62264965-3990-48dd-9ccb-3cb99c28dbbd_1836_6233 4397 * 0 0 0
Edge	384	119	18	0	0	0	130	-1
	Sequence	+edge_193_0_-31982b97-03c0-494b-b56c-fbd2b2a08f43_2240_4253 2013 * 0 0 0
Edge	385	256	17	0	0	0	130	-1
	Sequence	-edge_193_0_-31982b97-03c0-494b-b56c-fbd2b2a08f43_2240_4253 2013 * 0 0 0
Edge	386	16	139	0	0	0	132	-1
	Sequence	+edge_194_0_+ccb88894-a684-49fa-a141-a633a0640da9_13119_14308 1189 * 0 0 0
Edge	387	162	165	0	0	0	132	-1
	Sequence	-edge_194_0_+ccb88894-a684-49fa-a141-a633a0640da9_13119_14308 1189 * 0 0 0
Edge	388	83	15	0	0	0	112	-1
	Sequence	+edge_195_0_-5e77311e-2fcc-47ff-95cb-da2eed250a5f_1600_2742 1142 * 0 0 0
Edge	389	273	14	0	0	0	112	-1
	Sequence	-edge_195_0_-5e77311e-2fcc-47ff-95cb-da2eed250a5f_1600_2742 1142 * 0 0 0
Edge	390	13	12	0	0	0	121	-1
	Sequence	+edge_196_0_-83b07e21-2e11-4174-aaa6-7c9956e4bd86_3912_5403 1491 * 0 0 0
Edge	391	265	10	0	0	0	121	-1
	Sequence	-edge_196_0_-83b07e21-2e11-4174-aaa6-7c9956e4bd86_3912_5403 1491 * 0 0 0
Edge	392	72	202	0	0	0	125	-1
	Sequence	+edge_197_0_-8b693282-7c87-4942-a730-75e327083924_1858_3330 1472 * 0 0 0
Edge	393	53	9	0	0	0	125	-1
	Sequence	-edge_197_0_-8b693282-7c87-4942-a730-75e327083924_1858_3330 1472 * 0 0 0
Edge	394	8	7	0	0	0	120	-1
	Sequence	+edge_198_0_-259c8843-0c45-4a50-9c74-adb969835a7f_2092_3566 1474 * 0 0 0
Edge	395	96	170	0	0	0	120	-1
	Sequence	-edge_198_0_-259c8843-0c45-4a50-9c74-adb969835a7f_2092_3566 1474 * 0 0 0
Edge	396	5	4	0	0	0	118	-1
	Sequence	+edge_199_0_-d23263eb-cad7-434f-94f3-e8474ceaf0ba_678_2158 1480 * 0 0 0
Edge	397	11	3	0	0	0	118	-1
	Sequence	-edge_199_0_-d23263eb-cad7-434f-94f3-e8474ceaf0ba_678_2158 1480 * 0 0 0
Edge	398	41	2	0	0	0	125	-1
	Sequence	+edge_200_0_+8243127f-a4b3-4629-8125-7d5fbe1e070a_3773_5245 1472 * 0 0 0
Edge	399	1	6	0	0	0	125	-1
	Sequence	-edge_200_0_+8243127f-a4b3-4629-8125-7d5fbe1e070a_3773_5245 1472 * 0 0 0
